DMIG    LOC            0       9       1       0                       1
DMIG*   LOC                            1               0
*                      1               1 1.000000000E+00
*                      1               2 1.000000000E+00
*                      1               3 1.000000000E+00
*                      2               1 1.010000000E+00
*                      2               2 1.000000000E+00
*                      2               3 1.000000000E+00
*                      3               1 1.020000000E+00
*                      3               2 1.000000000E+00
*                      3               3 1.000000000E+00
*                      4               1 1.030000000E+00
*                      4               2 1.000000000E+00
*                      4               3 1.000000000E+00
*                      5               1 1.040000000E+00
*                      5               2 1.000000000E+00
*                      5               3 1.000000000E+00
*                      6               1 1.050000000E+00
*                      6               2 1.000000000E+00
*                      6               3 1.000000000E+00
*                      7               1 1.060000000E+00
*                      7               2 1.000000000E+00
*                      7               3 1.000000000E+00
*                      8               1 1.070000000E+00
*                      8               2 1.000000000E+00
*                      8               3 1.000000000E+00
*                      9               1 1.080000000E+00
*                      9               2 1.000000000E+00
*                      9               3 1.000000000E+00
*                     10               1 1.090000000E+00
*                     10               2 1.000000000E+00
*                     10               3 1.000000000E+00
*                     11               1 1.100000000E+00
*                     11               2 1.000000000E+00
*                     11               3 1.000000000E+00
*                     12               1 1.110000000E+00
*                     12               2 1.000000000E+00
*                     12               3 1.000000000E+00
*                     13               1 1.120000000E+00
*                     13               2 1.000000000E+00
*                     13               3 1.000000000E+00
*                     14               1 1.130000000E+00
*                     14               2 1.000000000E+00
*                     14               3 1.000000000E+00
*                     15               1 1.140000000E+00
*                     15               2 1.000000000E+00
*                     15               3 1.000000000E+00
*                     16               1 1.150000000E+00
*                     16               2 1.000000000E+00
*                     16               3 1.000000000E+00
*                     17               1 1.160000000E+00
*                     17               2 1.000000000E+00
*                     17               3 1.000000000E+00
*                     18               1 1.170000000E+00
*                     18               2 1.000000000E+00
*                     18               3 1.000000000E+00
*                     19               1 1.180000000E+00
*                     19               2 1.000000000E+00
*                     19               3 1.000000000E+00
*                     20               1 1.190000000E+00
*                     20               2 1.000000000E+00
*                     20               3 1.000000000E+00
*                     21               1 1.200000000E+00
*                     21               2 1.000000000E+00
*                     21               3 1.000000000E+00
*                     22               1 1.210000000E+00
*                     22               2 1.000000000E+00
*                     22               3 1.000000000E+00
*                     23               1 1.220000000E+00
*                     23               2 1.000000000E+00
*                     23               3 1.000000000E+00
*                     24               1 1.230000000E+00
*                     24               2 1.000000000E+00
*                     24               3 1.000000000E+00
*                     25               1 1.240000000E+00
*                     25               2 1.000000000E+00
*                     25               3 1.000000000E+00
*                     26               1 1.250000000E+00
*                     26               2 1.000000000E+00
*                     26               3 1.000000000E+00
*                     27               1 1.260000000E+00
*                     27               2 1.000000000E+00
*                     27               3 1.000000000E+00
*                     28               1 1.270000000E+00
*                     28               2 1.000000000E+00
*                     28               3 1.000000000E+00
*                     29               1 1.280000000E+00
*                     29               2 1.000000000E+00
*                     29               3 1.000000000E+00
*                     30               1 1.290000000E+00
*                     30               2 1.000000000E+00
*                     30               3 1.000000000E+00
*                     31               1 1.300000000E+00
*                     31               2 1.000000000E+00
*                     31               3 1.000000000E+00
*                     32               1 1.310000000E+00
*                     32               2 1.000000000E+00
*                     32               3 1.000000000E+00
*                     33               1 1.320000000E+00
*                     33               2 1.000000000E+00
*                     33               3 1.000000000E+00
*                     34               1 1.330000000E+00
*                     34               2 1.000000000E+00
*                     34               3 1.000000000E+00
*                     35               1 1.340000000E+00
*                     35               2 1.000000000E+00
*                     35               3 1.000000000E+00
*                     36               1 1.350000000E+00
*                     36               2 1.000000000E+00
*                     36               3 1.000000000E+00
*                     37               1 1.360000000E+00
*                     37               2 1.000000000E+00
*                     37               3 1.000000000E+00
*                     38               1 1.370000000E+00
*                     38               2 1.000000000E+00
*                     38               3 1.000000000E+00
*                     39               1 1.380000000E+00
*                     39               2 1.000000000E+00
*                     39               3 1.000000000E+00
*                     40               1 1.390000000E+00
*                     40               2 1.000000000E+00
*                     40               3 1.000000000E+00
*                     41               1 1.400000000E+00
*                     41               2 1.000000000E+00
*                     41               3 1.000000000E+00
*                     42               1 1.410000000E+00
*                     42               2 1.000000000E+00
*                     42               3 1.000000000E+00
*                     43               1 1.420000000E+00
*                     43               2 1.000000000E+00
*                     43               3 1.000000000E+00
*                     44               1 1.430000000E+00
*                     44               2 1.000000000E+00
*                     44               3 1.000000000E+00
*                     45               1 1.440000000E+00
*                     45               2 1.000000000E+00
*                     45               3 1.000000000E+00
*                     46               1 1.450000000E+00
*                     46               2 1.000000000E+00
*                     46               3 1.000000000E+00
*                     47               1 1.460000000E+00
*                     47               2 1.000000000E+00
*                     47               3 1.000000000E+00
*                     48               1 1.470000000E+00
*                     48               2 1.000000000E+00
*                     48               3 1.000000000E+00
*                     49               1 1.480000000E+00
*                     49               2 1.000000000E+00
*                     49               3 1.000000000E+00
*                     50               1 1.490000000E+00
*                     50               2 1.000000000E+00
*                     50               3 1.000000000E+00
*                     51               1 1.500000000E+00
*                     51               2 1.000000000E+00
*                     51               3 1.000000000E+00
*                     52               1 1.510000000E+00
*                     52               2 1.000000000E+00
*                     52               3 1.000000000E+00
*                     53               1 1.520000000E+00
*                     53               2 1.000000000E+00
*                     53               3 1.000000000E+00
*                     54               1 1.530000000E+00
*                     54               2 1.000000000E+00
*                     54               3 1.000000000E+00
*                     55               1 1.540000000E+00
*                     55               2 1.000000000E+00
*                     55               3 1.000000000E+00
*                     56               1 1.550000000E+00
*                     56               2 1.000000000E+00
*                     56               3 1.000000000E+00
*                     57               1 1.560000000E+00
*                     57               2 1.000000000E+00
*                     57               3 1.000000000E+00
*                     58               1 1.570000000E+00
*                     58               2 1.000000000E+00
*                     58               3 1.000000000E+00
*                     59               1 1.580000000E+00
*                     59               2 1.000000000E+00
*                     59               3 1.000000000E+00
*                     60               1 1.590000000E+00
*                     60               2 1.000000000E+00
*                     60               3 1.000000000E+00
*                     61               1 1.600000000E+00
*                     61               2 1.000000000E+00
*                     61               3 1.000000000E+00
*                     62               1 1.610000000E+00
*                     62               2 1.000000000E+00
*                     62               3 1.000000000E+00
*                     63               1 1.620000000E+00
*                     63               2 1.000000000E+00
*                     63               3 1.000000000E+00
*                     64               1 1.630000000E+00
*                     64               2 1.000000000E+00
*                     64               3 1.000000000E+00
*                     65               1 1.640000000E+00
*                     65               2 1.000000000E+00
*                     65               3 1.000000000E+00
*                     66               1 1.650000000E+00
*                     66               2 1.000000000E+00
*                     66               3 1.000000000E+00
*                     67               1 1.660000000E+00
*                     67               2 1.000000000E+00
*                     67               3 1.000000000E+00
*                     68               1 1.670000000E+00
*                     68               2 1.000000000E+00
*                     68               3 1.000000000E+00
*                     69               1 1.680000000E+00
*                     69               2 1.000000000E+00
*                     69               3 1.000000000E+00
*                     70               1 1.690000000E+00
*                     70               2 1.000000000E+00
*                     70               3 1.000000000E+00
*                     71               1 1.700000000E+00
*                     71               2 1.000000000E+00
*                     71               3 1.000000000E+00
*                     72               1 1.710000000E+00
*                     72               2 1.000000000E+00
*                     72               3 1.000000000E+00
*                     73               1 1.720000000E+00
*                     73               2 1.000000000E+00
*                     73               3 1.000000000E+00
*                     74               1 1.730000000E+00
*                     74               2 1.000000000E+00
*                     74               3 1.000000000E+00
*                     75               1 1.740000000E+00
*                     75               2 1.000000000E+00
*                     75               3 1.000000000E+00
*                     76               1 1.750000000E+00
*                     76               2 1.000000000E+00
*                     76               3 1.000000000E+00
*                     77               1 1.760000000E+00
*                     77               2 1.000000000E+00
*                     77               3 1.000000000E+00
*                     78               1 1.770000000E+00
*                     78               2 1.000000000E+00
*                     78               3 1.000000000E+00
*                     79               1 1.780000000E+00
*                     79               2 1.000000000E+00
*                     79               3 1.000000000E+00
*                     80               1 1.790000000E+00
*                     80               2 1.000000000E+00
*                     80               3 1.000000000E+00
*                     81               1 1.800000000E+00
*                     81               2 1.000000000E+00
*                     81               3 1.000000000E+00
*                     82               1 1.810000000E+00
*                     82               2 1.000000000E+00
*                     82               3 1.000000000E+00
*                     83               1 1.820000000E+00
*                     83               2 1.000000000E+00
*                     83               3 1.000000000E+00
*                     84               1 1.830000000E+00
*                     84               2 1.000000000E+00
*                     84               3 1.000000000E+00
*                     85               1 1.840000000E+00
*                     85               2 1.000000000E+00
*                     85               3 1.000000000E+00
*                     86               1 1.850000000E+00
*                     86               2 1.000000000E+00
*                     86               3 1.000000000E+00
*                     87               1 1.860000000E+00
*                     87               2 1.000000000E+00
*                     87               3 1.000000000E+00
*                     88               1 1.870000000E+00
*                     88               2 1.000000000E+00
*                     88               3 1.000000000E+00
*                     89               1 1.880000000E+00
*                     89               2 1.000000000E+00
*                     89               3 1.000000000E+00
*                     90               1 1.890000000E+00
*                     90               2 1.000000000E+00
*                     90               3 1.000000000E+00
*                     91               1 1.900000000E+00
*                     91               2 1.000000000E+00
*                     91               3 1.000000000E+00
*                     92               1 1.910000000E+00
*                     92               2 1.000000000E+00
*                     92               3 1.000000000E+00
*                     93               1 1.920000000E+00
*                     93               2 1.000000000E+00
*                     93               3 1.000000000E+00
*                     94               1 1.930000000E+00
*                     94               2 1.000000000E+00
*                     94               3 1.000000000E+00
*                     95               1 1.940000000E+00
*                     95               2 1.000000000E+00
*                     95               3 1.000000000E+00
*                     96               1 1.950000000E+00
*                     96               2 1.000000000E+00
*                     96               3 1.000000000E+00
*                     97               1 1.960000000E+00
*                     97               2 1.000000000E+00
*                     97               3 1.000000000E+00
*                     98               1 1.970000000E+00
*                     98               2 1.000000000E+00
*                     98               3 1.000000000E+00
*                     99               1 1.980000000E+00
*                     99               2 1.000000000E+00
*                     99               3 1.000000000E+00
*                    100               1 1.990000000E+00
*                    100               2 1.000000000E+00
*                    100               3 1.000000000E+00
*                    101               1 2.000000000E+00
*                    101               2 1.000000000E+00
*                    101               3 1.000000000E+00
*                    102               1 2.010000000E+00
*                    102               2 1.000000000E+00
*                    102               3 1.000000000E+00
*                    103               1 2.020000000E+00
*                    103               2 1.000000000E+00
*                    103               3 1.000000000E+00
*                    104               1 2.030000000E+00
*                    104               2 1.000000000E+00
*                    104               3 1.000000000E+00
*                    105               1 2.040000000E+00
*                    105               2 1.000000000E+00
*                    105               3 1.000000000E+00
*                    106               1 2.050000000E+00
*                    106               2 1.000000000E+00
*                    106               3 1.000000000E+00
*                    107               1 2.060000000E+00
*                    107               2 1.000000000E+00
*                    107               3 1.000000000E+00
*                    108               1 2.070000000E+00
*                    108               2 1.000000000E+00
*                    108               3 1.000000000E+00
*                    109               1 2.080000000E+00
*                    109               2 1.000000000E+00
*                    109               3 1.000000000E+00
*                    110               1 2.090000000E+00
*                    110               2 1.000000000E+00
*                    110               3 1.000000000E+00
*                    111               1 2.100000000E+00
*                    111               2 1.000000000E+00
*                    111               3 1.000000000E+00
*                    112               1 2.110000000E+00
*                    112               2 1.000000000E+00
*                    112               3 1.000000000E+00
*                    113               1 2.120000000E+00
*                    113               2 1.000000000E+00
*                    113               3 1.000000000E+00
*                    114               1 2.130000000E+00
*                    114               2 1.000000000E+00
*                    114               3 1.000000000E+00
*                    115               1 2.140000000E+00
*                    115               2 1.000000000E+00
*                    115               3 1.000000000E+00
*                    116               1 2.150000000E+00
*                    116               2 1.000000000E+00
*                    116               3 1.000000000E+00
*                    117               1 2.160000000E+00
*                    117               2 1.000000000E+00
*                    117               3 1.000000000E+00
*                    118               1 2.170000000E+00
*                    118               2 1.000000000E+00
*                    118               3 1.000000000E+00
*                    119               1 2.180000000E+00
*                    119               2 1.000000000E+00
*                    119               3 1.000000000E+00
*                    120               1 2.190000000E+00
*                    120               2 1.000000000E+00
*                    120               3 1.000000000E+00
*                    121               1 2.200000000E+00
*                    121               2 1.000000000E+00
*                    121               3 1.000000000E+00
*                    122               1 2.210000000E+00
*                    122               2 1.000000000E+00
*                    122               3 1.000000000E+00
*                    123               1 2.220000000E+00
*                    123               2 1.000000000E+00
*                    123               3 1.000000000E+00
*                    124               1 2.230000000E+00
*                    124               2 1.000000000E+00
*                    124               3 1.000000000E+00
*                    125               1 2.240000000E+00
*                    125               2 1.000000000E+00
*                    125               3 1.000000000E+00
*                    126               1 2.250000000E+00
*                    126               2 1.000000000E+00
*                    126               3 1.000000000E+00
*                    127               1 2.260000000E+00
*                    127               2 1.000000000E+00
*                    127               3 1.000000000E+00
*                    128               1 2.270000000E+00
*                    128               2 1.000000000E+00
*                    128               3 1.000000000E+00
*                    129               1 2.280000000E+00
*                    129               2 1.000000000E+00
*                    129               3 1.000000000E+00
*                    130               1 2.290000000E+00
*                    130               2 1.000000000E+00
*                    130               3 1.000000000E+00
*                    131               1 2.300000000E+00
*                    131               2 1.000000000E+00
*                    131               3 1.000000000E+00
*                    132               1 2.310000000E+00
*                    132               2 1.000000000E+00
*                    132               3 1.000000000E+00
*                    133               1 2.320000000E+00
*                    133               2 1.000000000E+00
*                    133               3 1.000000000E+00
*                    134               1 2.330000000E+00
*                    134               2 1.000000000E+00
*                    134               3 1.000000000E+00
*                    135               1 2.340000000E+00
*                    135               2 1.000000000E+00
*                    135               3 1.000000000E+00
*                    136               1 2.350000000E+00
*                    136               2 1.000000000E+00
*                    136               3 1.000000000E+00
*                    137               1 2.360000000E+00
*                    137               2 1.000000000E+00
*                    137               3 1.000000000E+00
*                    138               1 2.370000000E+00
*                    138               2 1.000000000E+00
*                    138               3 1.000000000E+00
*                    139               1 2.380000000E+00
*                    139               2 1.000000000E+00
*                    139               3 1.000000000E+00
*                    140               1 2.390000000E+00
*                    140               2 1.000000000E+00
*                    140               3 1.000000000E+00
*                    141               1 2.400000000E+00
*                    141               2 1.000000000E+00
*                    141               3 1.000000000E+00
*                    142               1 2.410000000E+00
*                    142               2 1.000000000E+00
*                    142               3 1.000000000E+00
*                    143               1 2.420000000E+00
*                    143               2 1.000000000E+00
*                    143               3 1.000000000E+00
*                    144               1 2.430000000E+00
*                    144               2 1.000000000E+00
*                    144               3 1.000000000E+00
*                    145               1 2.440000000E+00
*                    145               2 1.000000000E+00
*                    145               3 1.000000000E+00
*                    146               1 2.450000000E+00
*                    146               2 1.000000000E+00
*                    146               3 1.000000000E+00
*                    147               1 2.460000000E+00
*                    147               2 1.000000000E+00
*                    147               3 1.000000000E+00
*                    148               1 2.470000000E+00
*                    148               2 1.000000000E+00
*                    148               3 1.000000000E+00
*                    149               1 2.480000000E+00
*                    149               2 1.000000000E+00
*                    149               3 1.000000000E+00
*                    150               1 2.490000000E+00
*                    150               2 1.000000000E+00
*                    150               3 1.000000000E+00
*                    151               1 2.500000000E+00
*                    151               2 1.000000000E+00
*                    151               3 1.000000000E+00
