DMIG    LOC            0       9       1       0                       1
DMIG*   LOC                            1               0
*                      2               1 1.999999955E-02
*                      3               1 3.999999911E-02
*                      4               1 5.999999866E-02
*                      5               1 7.999999821E-02
*                      6               1 1.000000015E-01
*                      7               1 1.199999973E-01
*                      8               1 1.400000006E-01
*                      9               1 1.599999964E-01
*                     10               1 1.800000072E-01
*                     11               1 2.000000030E-01
*                     12               1 2.199999988E-01
*                     13               1 2.399999946E-01
*                     14               1 2.599999905E-01
*                     15               1 2.800000012E-01
*                     16               1 3.000000119E-01
*                     17               1 3.199999928E-01
*                     18               1 3.400000036E-01
*                     19               1 3.600000143E-01
*                     20               1 3.799999952E-01
*                     21               1 4.000000060E-01
*                     22               1 4.199999869E-01
*                     23               1 4.399999976E-01
*                     24               1 4.600000083E-01
*                     25               1 4.799999893E-01
*                     26               1 5.000000000E-01
*                     27               1 5.199999809E-01
*                     28               1 5.400000215E-01
*                     29               1 5.600000024E-01
*                     30               1 5.799999833E-01
*                     31               1 6.000000238E-01
*                     32               1 6.200000048E-01
*                     33               1 6.399999857E-01
*                     34               1 6.600000262E-01
*                     35               1 6.800000072E-01
*                     36               1 6.999999881E-01
*                     37               1 7.200000286E-01
*                     38               1 7.400000095E-01
*                     39               1 7.599999905E-01
*                     40               1 7.799999714E-01
*                     41               1 8.000000119E-01
*                     42               1 8.199999928E-01
*                     43               1 8.399999738E-01
*                     44               1 8.600000143E-01
*                     45               1 8.799999952E-01
*                     46               1 8.999999762E-01
*                     47               1 9.200000167E-01
*                     48               1 9.399999976E-01
*                     49               1 9.599999785E-01
*                     50               1 9.800000191E-01
*                     51               1 1.000000000E+00
*                     52               1 1.019999981E+00
*                     53               1 1.039999962E+00
*                     54               1 1.059999943E+00
*                     55               1 1.080000043E+00
*                     56               1 1.100000024E+00
*                     57               1 1.120000005E+00
*                     58               1 1.139999986E+00
*                     59               1 1.159999967E+00
*                     60               1 1.179999948E+00
*                     61               1 1.200000048E+00
*                     62               1 1.220000029E+00
*                     63               1 1.240000010E+00
*                     64               1 1.259999990E+00
*                     65               1 1.279999971E+00
*                     66               1 1.299999952E+00
*                     67               1 1.320000052E+00
*                     68               1 1.340000033E+00
*                     69               1 1.360000014E+00
*                     70               1 1.379999995E+00
*                     71               1 1.399999976E+00
*                     72               1 1.419999957E+00
*                     73               1 1.440000057E+00
*                     74               1 1.460000038E+00
*                     75               1 1.480000019E+00
*                     76               1 1.500000000E+00
*                     77               1 1.519999981E+00
*                     78               1 1.539999962E+00
*                     79               1 1.559999943E+00
*                     80               1 1.580000043E+00
*                     81               1 1.600000024E+00
*                     82               1 1.620000005E+00
*                     83               1 1.639999986E+00
*                     84               1 1.659999967E+00
*                     85               1 1.679999948E+00
*                     86               1 1.700000048E+00
*                     87               1 1.720000029E+00
*                     88               1 1.740000010E+00
*                     89               1 1.759999990E+00
*                     90               1 1.779999971E+00
*                     91               1 1.799999952E+00
*                     92               1 1.820000052E+00
*                     93               1 1.840000033E+00
*                     94               1 1.860000014E+00
*                     95               1 1.879999995E+00
*                     96               1 1.899999976E+00
*                     97               1 1.919999957E+00
*                     98               1 1.940000057E+00
*                     99               1 1.960000038E+00
*                    100               1 1.980000019E+00
*                    101               1 2.000000000E+00
