
0.0  ,   0.000
0.001,  0.0098
0.01 ,	0.0981
0.02 ,	0.1962
0.03 ,	0.2943
0.04 ,	0.3924
0.05 ,	0.4905
0.06 ,	0.5886
0.07 ,	0.6867
0.08 ,	0.7848
0.09 ,	0.8829
0.1  ,	 0.981
0.11 ,	 1.079
0.12 ,	 1.177
0.13 ,	 1.275
0.14 ,	 1.373
0.15 ,	 1.472
0.16 ,	 1.570
0.17 ,	 1.668
0.18 ,	 1.766
0.19 ,	 1.864
0.2  ,	 1.962
0.21 ,	 2.060
0.22 ,	 2.158
0.23 ,	 2.256
0.24 ,	 2.354
0.25 ,	 2.453
0.26 ,	 2.551
0.27 ,	 2.649
0.28 ,	 2.747
0.29 ,   2.845
0.3  ,	 2.943
0.31 ,	 3.041
0.32 ,	 3.139
0.33 ,	 3.237
0.34 ,	 3.335
0.35 ,	 3.434
0.36 ,	 3.532
0.37 ,	 3.630
0.38 ,	 3.728
0.39 ,	 3.826
0.4  ,	 3.924
0.5  ,	 4.905
0.6  ,	 5.886
0.7  ,	 6.867
0.8  ,	 7.848
0.9  ,	 8.829
1    ,	 9.810